A36,36,58,0,10
A36_32ksi,32,58,0,10
A53GradeB,35,60
A500GradeB_42ksi,42,58
A500GradeB_46ksi,46,58
A500GradeC_46ksi,46,62
A500GradeC_50ksi,50,62
A501,36,58
A529Grade50,50,65
A529Grade55,55,75
A572Grade42,42,60
A572Grade50,50,65
A572Grade55,55,70
A572Grade60,60,75
A572Grade65,65,80
A618GradeIandII,50,70
A618GradeIII,50,65
A913_50ksi,50,60
A913_60ksi,60,75
A913_65ksi,65,80
A913_70ksi,70,90
A992,50,65
A242_42ksi,42,63
A242_46ksi,46,67
A242_50ksi,50,70
A588,50,70
A847,50,70
A36_32ksi,32,58
A36_36ksi,36,58
A529Grade50,50,70
A529Grade55,55,70
A572Grade42,42,60,0,6
A572Grade50,50,65,0,4
A572Grade55,55,70,0,2
A572Grade60,60,75,0,1.25
A572Grade65,65,80,0,1.25
A242_42ksi,42,63
A242_46ksi,46,67
A242_50ksi,50,70
A588_42ksi,42,63,5.01,8
A588_46ksi,46,67,4.01,5
A588_50ksi,50,70,0,4
A514_90ksi,90,100
A514_100ksi,100,110
A852,70,90
A325,0,105,0,0.75
A325,0,120,0.76,100
A490,0,150
A193GradeB7,0,100,4.01,7
A193GradeB7,0,115,2.51,4
A193GradeB7,0,125,0,2.5
A307,0,60
A354GradeBD,0,140,2.51,4
A354GradeBD,0,150,0,2.5
A354GradeBC,0,115,2.51,4
A354GradeBC,0,125,0,2.5
A449,0,90,1.51,3
A449,0,105,1.01,1.5
A449,0,120,0,1
A687,105,150,0,3
F1554Grade55,55,75,0,4
F1554Grade105,105,125,0,3
