WoodStructuralPanel,Structural_I,5/16,1-1/4,6d,400,13,10,600,18,13,780,23,16,1020,35,22,560,840,1090,1430
WoodStructuralPanel,Structural_I,3/8,1-3/8,8d,460,19,14,720,24,17,920,30,20,1220,43,24,645,1010,1290,1710
WoodStructuralPanel,Structural_I,7/16,1-3/8,8d,510,16,13,790,21,16,1010,27,19,1340,40,24,715,1105,1415,1875
WoodStructuralPanel,Structural_I,15/32,1-3/8,8d,560,14,11,860,18,14,1100,24,17,1460,37,23,785,1205,1540,2045
WoodStructuralPanel,Structural_I,15/32,1-1/2,10d,680,22,16,1020,29,20,1330,36,22,1740,51,28,950,1430,1860,2435
WoodStructuralPanel,Sheathing,5/16,1-1/4,6d,360,13,9.5,540,18,12,700,24,14,900,37,18,505,755,980,1260
WoodStructuralPanel,Sheathing,3/8,1-1/4,6d,400,11,8.5,600,15,11,780,20,13,1020,32,17,560,840,1090,1430
WoodStructuralPanel,Sheathing,3/8,1-3/8,8d,440,17,12,640,25,15,820,31,17,1060,45,20,615,895,1150,1485
WoodStructuralPanel,Sheathing,7/16,1-3/8,8d,480,15,11,700,22,14,900,28,17,1170,42,21,670,980,1260,1640
WoodStructuralPanel,Sheathing,15/32,1-3/8,8d,520,13,10,760,19,13,980,25,15,1280,39,20,730,1065,1370,1790
WoodStructuralPanel,Sheathing,15/32,1-1/2,10d,620,22,14,920,30,17,1200,37,19,1540,52,23,870,1290,1680,2155
WoodStructuralPanel,Sheathing,19/32,1-1/2,10d,680,19,13,1020,26,16,1330,33,18,1740,48,22,950,1430,1860,2435
PlywoodSiding,None,5/16,1-1/4,6d,280,13,0,420,16,0,550,17,0,720,21,0,390,590,770,1010
PlywoodSiding,None,3/8,1-3/8,8d,320,16,0,480,18,0,620,20,0,820,22,0,450,670,870,1150